same simple


{0: {'train loss': [0.47438636,
   0.20828548,
   0.19484392,
   0.13842508,
   0.12893696,
   0.1347299,
   0.14197265,
   0.13056265,
   0.1557721,
   0.13756685,
   0.12165735,
   0.10771198,
   0.11196211,
   0.098739445,
   0.09536033,
   0.10013058,
   0.1151229,
   0.11428091,
   0.12828885,
   0.115867175,
   0.107473455,
   0.10286605,
   0.09814756,
   0.08274683,
   0.1013291,
   0.112371124,
   0.08807912,
   0.08138219,
   0.0950534,
   0.07951468],
  'validation loss': [0.20598832,
   0.25605175,
   0.1620163,
   0.14636102,
   0.109866805,
   0.14432047,
   0.143343,
   0.12336968,
   0.22213933,
   0.13820228,
   0.10421772,
   0.14031559,
   0.10142389,
   0.11055874,
   0.082720235,
   0.083673745,
   0.09592323,
   0.124642044,
   0.17058471,
   0.09750724,
   0.14329787,
   0.095515236,
   0.08449735,
   0.121235825,
   0.0985809,
   0.080561645,
   0.10453247,
   0.081875205,
   0.14490113,
   0.0840062],
  'validation accuracy': [0.9196993670886076,
   0.896756329113924,
   0.9315664556962026,
   0.9450158227848101,
   0.9584651898734177,
   0.944620253164557,
   0.9493670886075949,
   0.9505537974683544,
   0.9553006329113924,
   0.9533227848101266,
   0.9667721518987342,
   0.9489715189873418,
   0.961629746835443,
   0.9584651898734177,
   0.9691455696202531,
   0.9679588607594937,
   0.9659810126582279,
   0.9588607594936709,
   0.9323575949367089,
   0.9636075949367089,
   0.9501582278481012,
   0.9691455696202531,
   0.9683544303797469,
   0.9608386075949367,
   0.9659810126582279,
   0.9671677215189873,
   0.9643987341772152,
   0.966376582278481,
   0.9402689873417721,
   0.9675632911392406]},
 1: {'train loss': [0.3635885,
   0.16153476,
   0.1377943,
   0.113713905,
   0.11594967,
   0.101441726,
   0.114150226,
   0.108673416,
   0.0906883,
   0.13943677,
   0.10009263,
   0.08439832,
   0.08384186,
   0.082090095,
   0.078224175,
   0.070684806,
   0.08176971,
   0.0849345,
   0.1337665,
   0.07439993,
   0.07166164,
   0.08785463,
   0.074314214,
   0.07138674,
   0.073620394,
   0.08105634,
   0.08184923,
   0.06556717,
   0.067968145,
   0.056902807],
  'validation loss': [0.105110146,
   0.17267847,
   0.10173556,
   0.13907534,
   0.0965765,
   0.18728451,
   0.2117804,
   0.09567709,
   0.103237234,
   0.16056685,
   0.090607256,
   0.12047273,
   0.087260656,
   0.12766714,
   0.13359372,
   0.08349387,
   0.09942907,
   0.09231758,
   0.11258256,
   0.22329308,
   0.16250055,
   0.11188618,
   0.0999171,
   0.10875171,
   0.10992346,
   0.08375073,
   0.094714,
   0.086813554,
   0.0856015,
   0.11464903],
  'validation accuracy': [0.9624208860759493,
   0.9177215189873418,
   0.9675632911392406,
   0.942246835443038,
   0.9651898734177216,
   0.8999208860759493,
   0.9276107594936709,
   0.9647943037974683,
   0.9612341772151899,
   0.9509493670886076,
   0.9659810126582279,
   0.9612341772151899,
   0.9655854430379747,
   0.9525316455696202,
   0.961629746835443,
   0.9699367088607594,
   0.9628164556962026,
   0.9643987341772152,
   0.9643987341772152,
   0.9501582278481012,
   0.9517405063291139,
   0.9651898734177216,
   0.9695411392405063,
   0.971123417721519,
   0.9628164556962026,
   0.9675632911392406,
   0.9612341772151899,
   0.973496835443038,
   0.9707278481012658,
   0.9659810126582279]},
 2: {'train loss': [0.280123,
   0.16836621,
   0.1428535,
   0.17805557,
   0.16541152,
   0.16720322,
   0.11311268,
   0.10607698,
   0.14143707,
   0.15786594,
   0.14156538,
   0.13245815,
   0.11909806,
   0.10108121,
   0.1473984,
   0.1171866,
   0.09535862,
   0.09053162,
   0.0908745,
   0.09748815,
   0.087544695,
   0.09243156,
   0.078994155,
   0.08198359,
   0.09751181,
   0.09913905,
   0.087777525,
   0.06556569,
   0.08041906,
   0.10566809],
  'validation loss': [0.23040631,
   0.14583458,
   0.33784097,
   0.10799392,
   0.12879004,
   0.11051229,
   0.11719858,
   0.12049208,
   0.12866257,
   0.16677809,
   0.12355269,
   0.23032007,
   0.12470695,
   0.10317324,
   0.13783464,
   0.105750844,
   0.1003086,
   0.114086874,
   0.10520826,
   0.12625197,
   0.11692413,
   0.10286319,
   0.10003323,
   0.112394415,
   0.11397097,
   0.11251213,
   0.10635621,
   0.15887637,
   0.10604237,
   0.12022907],
  'validation accuracy': [0.9299841772151899,
   0.9375,
   0.8595727848101266,
   0.966376582278481,
   0.9525316455696202,
   0.9584651898734177,
   0.9651898734177216,
   0.9430379746835443,
   0.9628164556962026,
   0.9553006329113924,
   0.9628164556962026,
   0.903876582278481,
   0.9501582278481012,
   0.9612341772151899,
   0.9620253164556962,
   0.9675632911392406,
   0.9620253164556962,
   0.9545094936708861,
   0.9675632911392406,
   0.959256329113924,
   0.9560917721518988,
   0.9596518987341772,
   0.964003164556962,
   0.9576740506329114,
   0.9576740506329114,
   0.9628164556962026,
   0.9643987341772152,
   0.946993670886076,
   0.9588607594936709,
   0.964003164556962]},
 3: {'train loss': [0.27949488,
   0.22968706,
   0.15002117,
   0.11150798,
   0.09459241,
   0.103591226,
   0.102772154,
   0.12904872,
   0.11110642,
   0.10508331,
   0.12744251,
   0.097241335,
   0.094262086,
   0.102797054,
   0.098456725,
   0.10482691,
   0.099285774,
   0.082810424,
   0.09218973,
   0.070006594,
   0.06932411,
   0.09856871,
   0.117772266,
   0.08247472,
   0.08511513,
   0.070028365,
   0.06926596,
   0.0634032,
   0.061904997,
   0.08248468],
  'validation loss': [0.14509235,
   0.14243637,
   0.105195954,
   0.20251894,
   0.086896196,
   0.10667279,
   0.13114932,
   0.100503616,
   0.21899173,
   0.097073905,
   0.101636514,
   0.109650165,
   0.08799551,
   0.120742194,
   0.11681397,
   0.1315442,
   0.09013127,
   0.286156,
   0.16844194,
   0.095043115,
   0.14949554,
   0.0900214,
   0.1547205,
   0.13223924,
   0.12456918,
   0.121937305,
   0.100736484,
   0.12421731,
   0.11000896,
   0.114106275],
  'validation accuracy': [0.9517405063291139,
   0.9608386075949367,
   0.9628164556962026,
   0.9355221518987342,
   0.9715189873417721,
   0.9572784810126582,
   0.9541139240506329,
   0.964003164556962,
   0.9268196202531646,
   0.9651898734177216,
   0.9636075949367089,
   0.96875,
   0.9671677215189873,
   0.9568829113924051,
   0.9509493670886076,
   0.9517405063291139,
   0.9667721518987342,
   0.9145569620253164,
   0.9402689873417721,
   0.9679588607594937,
   0.9438291139240507,
   0.964003164556962,
   0.9509493670886076,
   0.9549050632911392,
   0.9521360759493671,
   0.9628164556962026,
   0.964003164556962,
   0.964003164556962,
   0.9556962025316456,
   0.9659810126582279]}}











   different
   {0: {'train loss': [0.42696628,
   0.24113193,
   0.145822,
   0.15515633,
   0.15238027,
   0.118679926,
   0.1572123,
   0.1363893,
   0.13542399,
   0.17892294,
   0.103949875,
   0.10901983,
   0.117025,
   0.102731176,
   0.10196225,
   0.16789037,
   0.13691464,
   0.12629303,
   0.12611124,
   0.10379903,
   0.12310402,
   0.10894488,
   0.17742932,
   0.11985245,
   0.11260946,
   0.092048354,
   0.090829484,
   0.08304875,
   0.09138446,
   0.094593935],
  'validation loss': [0.151919,
   0.14318825,
   0.11616214,
   0.20350355,
   0.09998948,
   0.19936407,
   0.2667738,
   0.09849989,
   0.09584281,
   0.112999074,
   0.096182026,
   0.102884196,
   0.10876788,
   0.09286898,
   0.13458464,
   0.11859851,
   0.10037714,
   0.17425229,
   0.17517096,
   0.09130435,
   0.13357155,
   0.09536071,
   0.11002755,
   0.13986583,
   0.1027507,
   0.13792719,
   0.089356504,
   0.10553273,
   0.15588172,
   0.17648502],
  'validation accuracy': [0.9406645569620253,
   0.9588607594936709,
   0.9537183544303798,
   0.9458069620253164,
   0.9588607594936709,
   0.928006329113924,
   0.9224683544303798,
   0.964003164556962,
   0.964003164556962,
   0.9620253164556962,
   0.9624208860759493,
   0.9628164556962026,
   0.9628164556962026,
   0.9643987341772152,
   0.9541139240506329,
   0.9671677215189873,
   0.9675632911392406,
   0.9390822784810127,
   0.9410601265822784,
   0.9679588607594937,
   0.9533227848101266,
   0.9667721518987342,
   0.9643987341772152,
   0.9553006329113924,
   0.9643987341772152,
   0.9568829113924051,
   0.9679588607594937,
   0.9655854430379747,
   0.9485759493670886,
   0.9529272151898734]},
 1: {'train loss': [0.22030939,
   0.12867442,
   0.0974332,
   0.13583517,
   0.124564335,
   0.120822355,
   0.14250612,
   0.10644008,
   0.11796821,
   0.12441821,
   0.11828456,
   0.11310276,
   0.09330029,
   0.1022229,
   0.09711586,
   0.07930123,
   0.10179045,
   0.08511823,
   0.11164962,
   0.10439869,
   0.08192937,
   0.07976334,
   0.06591188,
   0.06522752,
   0.0823898,
   0.07379294,
   0.086581305,
   0.07857877,
   0.09603202,
   0.06849022],
  'validation loss': [0.16865192,
   0.23107608,
   0.12684472,
   0.13321844,
   0.12683651,
   0.27988693,
   0.1139586,
   0.0958709,
   0.12305865,
   0.084648885,
   0.113626674,
   0.08232402,
   0.08178896,
   0.0999358,
   0.08902005,
   0.12886533,
   0.08594364,
   0.07061156,
   0.07535851,
   0.13572082,
   0.07910053,
   0.12036548,
   0.07335207,
   0.0634371,
   0.06954513,
   0.065707475,
   0.07054172,
   0.051795937,
   0.066201285,
   0.11198678],
  'validation accuracy': [0.9331487341772152,
   0.9145569620253164,
   0.9517405063291139,
   0.9513449367088608,
   0.9568829113924051,
   0.882120253164557,
   0.9651898734177216,
   0.9655854430379747,
   0.9485759493670886,
   0.9628164556962026,
   0.9572784810126582,
   0.9647943037974683,
   0.9695411392405063,
   0.9604430379746836,
   0.9659810126582279,
   0.9608386075949367,
   0.9671677215189873,
   0.9738924050632911,
   0.971123417721519,
   0.9545094936708861,
   0.9699367088607594,
   0.9584651898734177,
   0.9695411392405063,
   0.9762658227848101,
   0.9719145569620253,
   0.9699367088607594,
   0.9691455696202531,
   0.9738924050632911,
   0.9766613924050633,
   0.9564873417721519]},
 2: {'train loss': [0.20686413,
   0.16365673,
   0.14608651,
   0.14084087,
   0.0998988,
   0.13887525,
   0.08331633,
   0.11945172,
   0.08311495,
   0.06600844,
   0.07508476,
   0.083883464,
   0.12781203,
   0.06855857,
   0.07664084,
   0.07393383,
   0.05461298,
   0.061550457,
   0.055644784,
   0.08975639,
   0.090948425,
   0.06169539,
   0.061979514,
   0.09039073,
   0.045275934,
   0.06430237,
   0.052419342,
   0.050756156,
   0.045056257,
   0.05598833],
  'validation loss': [0.61060804,
   0.30544415,
   0.8088919,
   0.8962406,
   0.5189625,
   0.06202688,
   0.11648888,
   0.07409353,
   0.072294734,
   0.05151739,
   0.065368555,
   0.05464086,
   0.050774943,
   0.057195082,
   0.046518322,
   0.042357318,
   0.048182663,
   0.056707103,
   0.06903978,
   0.055170614,
   0.05680223,
   0.04614537,
   0.10708219,
   0.050510127,
   0.044962466,
   0.047694396,
   0.033515453,
   0.04258473,
   0.040429406,
   0.04189726],
  'validation accuracy': [0.7507911392405063,
   0.8706487341772152,
   0.8208069620253164,
   0.8227848101265823,
   0.8579905063291139,
   0.9770569620253164,
   0.9651898734177216,
   0.9806170886075949,
   0.9754746835443038,
   0.9814082278481012,
   0.9754746835443038,
   0.9814082278481012,
   0.9821993670886076,
   0.9849683544303798,
   0.9806170886075949,
   0.9821993670886076,
   0.9806170886075949,
   0.9802215189873418,
   0.9829905063291139,
   0.9821993670886076,
   0.9849683544303798,
   0.9837816455696202,
   0.973496835443038,
   0.9829905063291139,
   0.9849683544303798,
   0.9869462025316456,
   0.9885284810126582,
   0.9889240506329114,
   0.9833860759493671,
   0.9853639240506329]},
 3: {'train loss': [0.22604004,
   0.1339989,
   0.13384478,
   0.10643181,
   0.11814792,
   0.1038154,
   0.17202127,
   0.09930804,
   0.095671736,
   0.11278603,
   0.13254388,
   0.12609363,
   0.09774621,
   0.08815756,
   0.07423082,
   0.07611282,
   0.11518404,
   0.078518555,
   0.09113477,
   0.07820984,
   0.08539219,
   0.07239954,
   0.060989894,
   0.06483266,
   0.088085786,
   0.1219136,
   0.087442115,
   0.07099778,
   0.07729322,
   0.07799647],
  'validation loss': [0.08838174,
   0.082065605,
   0.09907079,
   0.11049489,
   0.07579327,
   0.09556443,
   0.094787605,
   0.05722105,
   0.08556802,
   0.07571062,
   0.076011196,
   0.07879833,
   0.059175562,
   0.060337298,
   0.060849685,
   0.059985638,
   0.102714926,
   0.055263035,
   0.044048373,
   0.05427707,
   0.060918923,
   0.05524248,
   0.053372975,
   0.11186071,
   0.054305516,
   0.05111951,
   0.060964223,
   0.06923865,
   0.05907873,
   0.109349966],
  'validation accuracy': [0.966376582278481,
   0.9675632911392406,
   0.9624208860759493,
   0.9521360759493671,
   0.9671677215189873,
   0.9604430379746836,
   0.9620253164556962,
   0.9806170886075949,
   0.9691455696202531,
   0.9691455696202531,
   0.9699367088607594,
   0.9719145569620253,
   0.9762658227848101,
   0.9802215189873418,
   0.9762658227848101,
   0.9778481012658228,
   0.9576740506329114,
   0.978243670886076,
   0.9778481012658228,
   0.9754746835443038,
   0.978243670886076,
   0.9814082278481012,
   0.978243670886076,
   0.9596518987341772,
   0.9825949367088608,
   0.9806170886075949,
   0.9766613924050633,
   0.9750791139240507,
   0.9766613924050633,
   0.9564873417721519]}}