same simple


{0: {'train loss': [0.28172162,
   0.18724513,
   0.2150745,
   0.16446975,
   0.1226186,
   0.1730698,
   0.18952307,
   0.14498271,
   0.17809932,
   0.16856226,
   0.14749922,
   0.1565436,
   0.17150164,
   0.12517187,
   0.11954131,
   0.16046363,
   0.12641905,
   0.09424725,
   0.13673379,
   0.10418336,
   0.10741875,
   0.101180494,
   0.10184311,
   0.09664007,
   0.12242959,
   0.11848833,
   0.11388088,
   0.19349967,
   0.08243524,
   0.0811487],
  'validation loss': [0.1566442,
   0.11332985,
   0.38295755,
   0.097146235,
   0.11792708,
   0.125149,
   0.18142265,
   0.2912496,
   0.101581044,
   0.09578824,
   0.15588255,
   0.09153097,
   0.36671525,
   0.08768247,
   0.13545574,
   0.21980384,
   0.08253991,
   0.08681247,
   0.08885967,
   0.07945651,
   0.091548964,
   0.09194584,
   0.08296906,
   0.07858526,
   0.13989343,
   0.14818534,
   0.07667378,
   0.08982166,
   0.12282681,
   0.078328125],
  'validation accuracy': [0.9390822784810127,
   0.9553006329113924,
   0.7369462025316456,
   0.961629746835443,
   0.9580696202531646,
   0.9572784810126582,
   0.9489715189873418,
   0.8884493670886076,
   0.9588607594936709,
   0.9643987341772152,
   0.9643987341772152,
   0.9675632911392406,
   0.8457278481012658,
   0.971123417721519,
   0.9549050632911392,
   0.8607594936708861,
   0.9703322784810127,
   0.9699367088607594,
   0.971123417721519,
   0.9715189873417721,
   0.971123417721519,
   0.9707278481012658,
   0.9699367088607594,
   0.9707278481012658,
   0.9643987341772152,
   0.9497626582278481,
   0.971123417721519,
   0.9703322784810127,
   0.9651898734177216,
   0.9719145569620253]},
 1: {'train loss': [0.29996443,
   0.17395793,
   0.17988825,
   0.17052804,
   0.14674193,
   0.124353245,
   0.14659777,
   0.13803211,
   0.1290167,
   0.1516891,
   0.108339965,
   0.14787681,
   0.13284397,
   0.12879996,
   0.08210166,
   0.13227458,
   0.10759696,
   0.11300269,
   0.13028345,
   0.07144158,
   0.0736417,
   0.13511042,
   0.08475144,
   0.07072605,
   0.17124808,
   0.0783166,
   0.066916555,
   0.09538386,
   0.0773945,
   0.06249994],
  'validation loss': [0.17557578,
   0.1484249,
   0.16419388,
   0.1378617,
   0.15526718,
   0.10418602,
   0.13033606,
   0.16187803,
   0.09855994,
   0.09859319,
   0.6711943,
   0.09931054,
   0.14930578,
   0.11941166,
   0.10437948,
   0.118852206,
   0.14884973,
   0.209063,
   0.17312515,
   0.093487784,
   0.110863164,
   0.09535174,
   0.09554726,
   0.11971635,
   0.11758583,
   0.097965546,
   0.14144196,
   0.12580916,
   0.13045996,
   0.15666983],
  'validation accuracy': [0.9513449367088608,
   0.9434335443037974,
   0.930379746835443,
   0.944620253164557,
   0.9497626582278481,
   0.9695411392405063,
   0.9556962025316456,
   0.9458069620253164,
   0.9691455696202531,
   0.966376582278481,
   0.846123417721519,
   0.9695411392405063,
   0.966376582278481,
   0.9576740506329114,
   0.9659810126582279,
   0.961629746835443,
   0.9363132911392406,
   0.9489715189873418,
   0.9371044303797469,
   0.964003164556962,
   0.9572784810126582,
   0.9707278481012658,
   0.9659810126582279,
   0.9651898734177216,
   0.961629746835443,
   0.9738924050632911,
   0.9493670886075949,
   0.9695411392405063,
   0.9576740506329114,
   0.9715189873417721]},
 2: {'train loss': [0.3335252,
   0.18629594,
   0.16206908,
   0.26671925,
   0.20441972,
   0.13759948,
   0.18377186,
   0.14056778,
   0.16263293,
   0.19063802,
   0.11370809,
   0.12018592,
   0.1485276,
   0.11861499,
   0.10244871,
   0.13160461,
   0.109986834,
   0.1307683,
   0.12385496,
   0.12316339,
   0.10059223,
   0.23160759,
   0.13322693,
   0.10709045,
   0.16159658,
   0.091949016,
   0.08732879,
   0.1641019,
   0.11145432,
   0.08733909],
  'validation loss': [0.22134759,
   0.23697841,
   0.107699916,
   0.15965149,
   0.14003636,
   0.10690897,
   0.13525702,
   0.10105697,
   0.15012002,
   0.16369873,
   0.104956746,
   0.1898043,
   0.123485975,
   0.10995952,
   0.12437212,
   0.11568782,
   0.42425817,
   0.09386335,
   0.0968706,
   0.14913203,
   0.11398399,
   0.112500176,
   0.099364325,
   0.09659236,
   0.10794844,
   0.11707212,
   0.101896524,
   0.11467953,
   0.11151175,
   0.10755732],
  'validation accuracy': [0.8868670886075949,
   0.9078322784810127,
   0.9600474683544303,
   0.9240506329113924,
   0.9600474683544303,
   0.9628164556962026,
   0.9406645569620253,
   0.9632120253164557,
   0.9418512658227848,
   0.9153481012658228,
   0.9643987341772152,
   0.9299841772151899,
   0.9632120253164557,
   0.964003164556962,
   0.9497626582278481,
   0.9501582278481012,
   0.875,
   0.9651898734177216,
   0.9636075949367089,
   0.9608386075949367,
   0.9624208860759493,
   0.9651898734177216,
   0.9671677215189873,
   0.9655854430379747,
   0.959256329113924,
   0.9576740506329114,
   0.9632120253164557,
   0.961629746835443,
   0.959256329113924,
   0.9604430379746836]},
 3: {'train loss': [0.32786244,
   0.18752281,
   0.14819331,
   0.25467804,
   0.14450504,
   0.15066014,
   0.19718769,
   0.12695639,
   0.13156663,
   0.16747689,
   0.112476185,
   0.11717291,
   0.14080352,
   0.12818399,
   0.110391304,
   0.1331409,
   0.08953441,
   0.11124284,
   0.12977922,
   0.13889883,
   0.101270534,
   0.1388996,
   0.103124134,
   0.09463333,
   0.1163033,
   0.08858659,
   0.12693658,
   0.15688658,
   0.089412905,
   0.08362377],
  'validation loss': [0.13393918,
   0.12471347,
   0.14673735,
   0.17511554,
   0.24727589,
   0.10763456,
   0.15640542,
   0.14245483,
   0.1112915,
   0.123067364,
   0.10572313,
   0.11513393,
   0.09198843,
   0.09156327,
   0.101974644,
   0.095713146,
   0.08209965,
   0.11128889,
   0.09373858,
   0.10045674,
   0.09792645,
   0.09115488,
   0.10540022,
   0.09060956,
   0.1402199,
   0.21551697,
   0.09538363,
   0.11338321,
   0.08776244,
   0.106678315],
  'validation accuracy': [0.9414556962025317,
   0.9568829113924051,
   0.9458069620253164,
   0.9220727848101266,
   0.9228639240506329,
   0.9636075949367089,
   0.9359177215189873,
   0.9493670886075949,
   0.9643987341772152,
   0.9636075949367089,
   0.964003164556962,
   0.9418512658227848,
   0.9691455696202531,
   0.9659810126582279,
   0.9580696202531646,
   0.9679588607594937,
   0.9703322784810127,
   0.9608386075949367,
   0.9703322784810127,
   0.9608386075949367,
   0.9683544303797469,
   0.9655854430379747,
   0.9517405063291139,
   0.9628164556962026,
   0.9560917721518988,
   0.944620253164557,
   0.9655854430379747,
   0.9560917721518988,
   0.9651898734177216,
   0.9632120253164557]}}







   different

   {0: {'train loss': [0.59355474,
   0.2733009,
   0.16080861,
   0.24550438,
   0.13481669,
   0.13875212,
   0.15034752,
   0.13962696,
   0.12572476,
   0.18295649,
   0.152574,
   0.13517727,
   0.13957295,
   0.12499516,
   0.12133614,
   0.16269574,
   0.11301009,
   0.115226254,
   0.16592336,
   0.1178411,
   0.09828535,
   0.3105865,
   0.15513411,
   0.08248432,
   0.15298784,
   0.10254237,
   0.11231648,
   0.12872598,
   0.12475879,
   0.07967558],
  'validation loss': [0.43124226,
   0.4671746,
   0.12944542,
   0.27778885,
   0.11842042,
   0.24225332,
   0.12346822,
   0.1567701,
   0.20799291,
   0.20095192,
   0.1450581,
   0.10263871,
   0.17169198,
   0.13194625,
   0.13206238,
   0.12854776,
   0.17631389,
   0.11837485,
   0.094424896,
   0.088663764,
   0.3045307,
   0.30169147,
   0.12054086,
   0.09031997,
   0.12767804,
   0.091613285,
   0.08641703,
   0.17931712,
   0.10188986,
   0.14663],
  'validation accuracy': [0.8049841772151899,
   0.716376582278481,
   0.9501582278481012,
   0.8742088607594937,
   0.959256329113924,
   0.9244462025316456,
   0.9572784810126582,
   0.9493670886075949,
   0.9244462025316456,
   0.9046677215189873,
   0.9521360759493671,
   0.9647943037974683,
   0.9553006329113924,
   0.9454113924050633,
   0.9382911392405063,
   0.9513449367088608,
   0.9489715189873418,
   0.9489715189873418,
   0.9651898734177216,
   0.9691455696202531,
   0.9323575949367089,
   0.8868670886075949,
   0.9655854430379747,
   0.9703322784810127,
   0.966376582278481,
   0.9691455696202531,
   0.971123417721519,
   0.9462025316455697,
   0.9695411392405063,
   0.9442246835443038]},
 1: {'train loss': [0.24570176,
   0.18103023,
   0.13965945,
   0.16839294,
   0.16528848,
   0.15894571,
   0.13468651,
   0.094404325,
   0.17980026,
   0.15039152,
   0.14254305,
   0.13499151,
   0.15411119,
   0.124223396,
   0.15920956,
   0.217081,
   0.09735396,
   0.09423568,
   0.12498888,
   0.0900083,
   0.10287006,
   0.13295206,
   0.094429165,
   0.108015314,
   0.12420661,
   0.10602095,
   0.077653304,
   0.13711299,
   0.08718542,
   0.096912384],
  'validation loss': [0.15602398,
   0.21295673,
   0.16730227,
   0.19885203,
   0.11110131,
   0.12055257,
   0.09105092,
   0.09146396,
   0.1245413,
   0.111752786,
   0.110685036,
   0.124774404,
   0.07858182,
   0.17694056,
   0.0718563,
   0.087926865,
   0.075758085,
   0.0733971,
   0.077290155,
   0.073906064,
   0.08854666,
   0.07671749,
   0.07339997,
   0.072696894,
   0.077978276,
   0.12455292,
   0.06848512,
   0.07979865,
   0.07639075,
   0.06584099],
  'validation accuracy': [0.9434335443037974,
   0.9070411392405063,
   0.9331487341772152,
   0.9260284810126582,
   0.9596518987341772,
   0.9549050632911392,
   0.9683544303797469,
   0.9647943037974683,
   0.9588607594936709,
   0.9505537974683544,
   0.9651898734177216,
   0.9667721518987342,
   0.9675632911392406,
   0.9272151898734177,
   0.971123417721519,
   0.9675632911392406,
   0.9715189873417721,
   0.9679588607594937,
   0.9679588607594937,
   0.975870253164557,
   0.9628164556962026,
   0.9719145569620253,
   0.9683544303797469,
   0.9750791139240507,
   0.96875,
   0.9560917721518988,
   0.9778481012658228,
   0.96875,
   0.9731012658227848,
   0.9762658227848101]},
 2: {'train loss': [0.20010802,
   0.14141889,
   0.13467921,
   0.15425695,
   0.13627057,
   0.11493116,
   0.16627535,
   0.12671468,
   0.09780004,
   0.13817288,
   0.09682847,
   0.06723055,
   0.16843252,
   0.08914668,
   0.06327163,
   0.112559885,
   0.07414778,
   0.09168755,
   0.12545392,
   0.09949869,
   0.06113106,
   0.08862433,
   0.063581444,
   0.093051165,
   0.11470095,
   0.046405274,
   0.10088104,
   0.11710752,
   0.088936746,
   0.0526183],
  'validation loss': [0.27664292,
   0.2699206,
   0.65324247,
   0.46750602,
   0.17747183,
   0.06118254,
   0.08994607,
   0.109083354,
   0.052554335,
   0.059844814,
   0.048448708,
   0.061271776,
   0.055619676,
   0.057264086,
   0.077008076,
   0.06943163,
   0.04868121,
   0.054175943,
   0.09318573,
   0.08063716,
   0.053333662,
   0.05909303,
   0.12843047,
   0.043337308,
   0.050728224,
   0.04871609,
   0.058869146,
   0.101425946,
   0.11038755,
   0.038340557],
  'validation accuracy': [0.8943829113924051,
   0.8864715189873418,
   0.814873417721519,
   0.8583860759493671,
   0.9193037974683544,
   0.9766613924050633,
   0.9699367088607594,
   0.9667721518987342,
   0.9818037974683544,
   0.9794303797468354,
   0.9818037974683544,
   0.9770569620253164,
   0.9802215189873418,
   0.9810126582278481,
   0.9715189873417721,
   0.9746835443037974,
   0.9829905063291139,
   0.978243670886076,
   0.9695411392405063,
   0.973496835443038,
   0.9814082278481012,
   0.9806170886075949,
   0.9556962025316456,
   0.9825949367088608,
   0.978243670886076,
   0.9806170886075949,
   0.9750791139240507,
   0.9636075949367089,
   0.9750791139240507,
   0.9865506329113924]},
 3: {'train loss': [0.2760413,
   0.146439,
   0.1689612,
   0.17023191,
   0.10919092,
   0.13348132,
   0.16187021,
   0.12312683,
   0.12004151,
   0.13368574,
   0.09420329,
   0.12603593,
   0.14145638,
   0.085318744,
   0.10635308,
   0.11999321,
   0.11134006,
   0.087960854,
   0.12989156,
   0.10260842,
   0.084695436,
   0.09963295,
   0.07168022,
   0.07421539,
   0.11638038,
   0.07011416,
   0.0778886,
   0.14029357,
   0.06648945,
   0.10033743],
  'validation loss': [0.16083507,
   0.17665835,
   0.07715221,
   0.079123035,
   0.08286287,
   0.063273065,
   0.0933245,
   0.06978193,
   0.071406834,
   0.07532949,
   0.06940976,
   0.06336584,
   0.0755357,
   0.066108584,
   0.06814133,
   0.099599384,
   0.08279979,
   0.058922514,
   0.12969497,
   0.054936655,
   0.061416324,
   0.10599886,
   0.06438859,
   0.049541637,
   0.058434825,
   0.051428523,
   0.06104805,
   0.07167002,
   0.053917732,
   0.05483357],
  'validation accuracy': [0.939873417721519,
   0.9193037974683544,
   0.9742879746835443,
   0.9723101265822784,
   0.9719145569620253,
   0.9731012658227848,
   0.9715189873417721,
   0.9727056962025317,
   0.973496835443038,
   0.975870253164557,
   0.9770569620253164,
   0.9806170886075949,
   0.9699367088607594,
   0.9719145569620253,
   0.9738924050632911,
   0.9798259493670886,
   0.9699367088607594,
   0.9738924050632911,
   0.9485759493670886,
   0.9841772151898734,
   0.9746835443037974,
   0.9794303797468354,
   0.9731012658227848,
   0.9786392405063291,
   0.9798259493670886,
   0.9790348101265823,
   0.9806170886075949,
   0.9746835443037974,
   0.9802215189873418,
   0.9766613924050633]}}